0 0.0
1 0.0
2 0.0
3 0.0
4 0.0
5 0.0
6 0.0
7 0.0
8 0.0
9 0.0
10 0.0
11 0.0
12 0.0
13 0.0
14 0.0
15 0.0
16 0.0
17 0.0
18 0.0
19 0.0
20 0.0
21 0.0
22 0.0
23 0.0
24 0.0
25 0.0
26 0.0
27 0.0
28 0.0
29 0.0
30 0.0
31 0.0
32 0.0
33 0.0
34 0.0
35 0.0
36 0.0
37 0.0
38 0.0
39 0.0
40 0.0
41 0.0
42 0.0
43 0.0
44 0.0
45 0.0
46 0.0
47 0.0
48 0.0
49 0.0
50 0.0
51 0.0
52 0.0
53 0.0
54 0.0
55 0.0
56 0.0
57 0.0
58 0.0
59 0.0
60 0.0
61 0.0
62 0.0
63 0.0
64 0.0
65 0.0
66 0.0
67 0.0
68 0.0
69 0.0
70 0.0
71 0.0
72 0.0
73 0.0
74 0.0
75 0.0
76 0.0
77 0.0
78 0.0
79 0.0
80 0.0
81 0.0
82 0.0
83 0.0
84 0.0
85 0.0
86 0.0
87 0.0
88 0.0
89 0.0
90 1.0
91 0.0
92 0.0
93 0.0
94 0.0
95 0.0
96 0.0
97 0.0
98 0.0
99 0.0
100 0.0
101 0.0
102 0.0
103 0.0
104 0.0
105 0.0
106 0.0
107 0.0
108 0.0
109 0.0
110 0.0
111 0.0
112 0.0
113 0.0
114 0.0
115 0.0
116 0.0
117 0.0
118 0.0
119 0.0
120 0.0
121 0.0
122 0.0
123 0.0
124 0.0
125 0.0
126 0.0
127 0.0
128 0.0
129 0.0
130 0.0
131 0.0
132 0.0
133 0.0
134 0.0
135 0.0
136 0.0
137 0.0
138 0.0
139 0.0
140 0.0
141 0.0
142 0.0
143 0.0
144 0.0
145 0.0
146 0.0
147 0.0
148 0.0
149 0.0
150 0.0
151 0.0
152 0.0
153 0.0
154 0.0
155 0.0
156 0.0
157 0.0
158 0.0
159 0.0
160 0.0
161 0.0
162 0.0
163 0.0
164 0.0
165 0.0
166 0.0
167 0.0
168 0.0
169 0.0
170 0.0
171 0.0
172 0.0
173 0.0
174 0.0
175 0.0
176 0.0
177 0.0
178 0.0
179 0.0
180 0.0
181 0.0
182 0.0
183 0.0
184 0.0
185 0.0
186 0.0
187 0.0
188 0.0
189 0.0
190 0.0
191 0.0
192 0.0
193 0.0
194 0.0
195 0.0
196 0.0
197 0.0
198 0.0
199 0.0
200 0.0
201 0.0
202 0.0
203 0.0
204 0.0
205 0.0
206 0.0
207 0.0
208 0.0
209 0.0
210 0.0
211 0.0
212 0.0
213 0.0
214 0.0
215 0.0
216 0.0
217 0.0
218 0.0
219 0.0
220 0.0
221 0.0
222 0.0
223 0.0
224 0.0
225 0.0
226 0.0
227 0.0
228 0.0
229 0.0
230 0.0
231 0.0
232 0.0
233 0.0
234 0.0
235 0.0
236 0.0
237 0.0
238 0.0
239 0.0
240 0.0
241 0.0
242 0.0
243 0.0
244 0.0
245 0.0
246 0.0
247 0.0
248 0.0
249 0.0
250 0.0
251 0.0
252 0.0
253 0.0
254 0.0
255 0.0
256 0.0
257 0.0
258 0.0
259 0.0
260 0.0
261 0.0
262 0.0
263 0.0
264 0.0
265 0.0
266 0.0
267 0.0
268 0.0
269 0.0
270 0.0
271 0.0
272 0.0
273 0.0
274 0.0
275 0.0
276 0.0
277 0.0
278 0.0
279 0.0
280 0.0
281 0.0
282 0.0
283 0.0
284 0.0
285 0.0
286 0.0
287 0.0
288 0.0
289 0.0
290 0.0
291 0.0
292 0.0
293 0.0
294 0.0
295 0.0
296 0.0
297 0.0
298 0.0
299 0.0
300 0.0
301 0.0
302 0.0
303 0.0
304 0.0
305 0.0
306 0.0
307 0.0
308 0.0
309 0.0
310 0.0
311 0.0
312 0.0
313 0.0
314 0.0
315 0.0
316 0.0
317 0.0
318 0.0
319 0.0
320 0.0
321 0.0
322 0.0
323 0.0
324 0.0
325 0.0
326 0.0
327 0.0
328 0.0
329 0.0
330 0.0
331 0.0
332 0.0
333 0.0
334 0.0
335 0.0
336 0.0
337 0.0
338 0.0
339 0.0
340 0.0
341 0.0
342 0.0
343 0.0
344 1.0
345 0.0
346 0.0
347 1.0
348 0.0
349 0.0
350 0.0
351 0.0
352 0.0
353 0.0
354 0.0
355 0.0
356 0.0
357 0.0
358 0.0
359 0.0
360 0.0
361 0.0
362 0.0
363 0.0
364 0.0
365 0.0
366 0.0
367 0.0
368 0.0
369 0.0
370 0.0
371 0.0
372 0.0
373 0.0
374 0.0
375 0.0
376 0.0
377 0.0
378 0.0
379 0.0
380 0.0
381 0.0
382 0.0
383 0.0
384 0.0
385 0.0
386 0.0
387 0.0
388 0.0
389 0.0
390 0.0
391 0.0
392 0.0
393 0.0
394 0.0
395 0.0
396 0.0
397 0.0
398 0.0
399 0.0
400 0.0
401 0.0
402 0.0
403 0.0
404 0.0
405 0.0
406 0.0
407 0.0
408 0.0
409 0.0
410 0.0
411 0.0
412 0.0
413 0.0
414 0.0
415 0.0
416 0.0
417 0.0
418 0.0
419 0.0
420 0.0
421 0.0
422 0.0
423 0.0
424 0.0
425 0.0
426 0.0
427 0.0
428 0.0
429 0.0
430 0.0
431 0.0
432 0.0
433 0.0
434 0.0
435 0.0
436 0.0
437 0.0
438 0.0
439 0.0
440 0.0
441 0.0
442 0.0
443 0.0
444 0.0
445 0.0
446 0.0
447 0.0
448 0.0
449 0.0
450 0.0
451 0.0
452 0.0
453 0.0
454 0.0
455 0.0
456 0.0
457 0.0
458 0.0
459 0.0
460 0.0
461 0.0
462 0.0
463 0.0
464 0.0
465 0.0
466 0.0
467 0.0
468 0.0
469 0.0
470 0.0
471 0.0
472 0.0
473 0.0
474 0.0
475 0.0
476 0.0
477 0.0
478 0.0
479 0.0
480 0.0
481 0.0
482 0.0
483 0.0
484 0.0
485 0.0
486 0.0
487 0.0
488 0.0
489 0.0
490 0.0
491 0.0
492 0.0
493 0.0
494 0.0
495 0.0
496 0.0
497 0.0
498 0.0
499 0.0
500 0.0
501 0.0
502 0.0
503 0.0
504 0.0
505 0.0
506 0.0
507 0.0
508 0.0
509 0.0
510 0.0
511 0.0
512 0.0
513 0.0
514 0.0
515 0.0
516 0.0
517 0.0
518 0.0
519 0.0
520 0.0
521 0.0
522 0.0
523 0.0
524 0.0
525 0.0
526 0.0
527 0.0
528 0.0
529 0.0
530 0.0
531 0.0
532 0.0
533 0.0
534 0.0
535 0.0
536 0.0
537 0.0
538 0.0
539 0.0
540 0.0
541 0.0
542 0.0
543 0.0
544 0.0
545 0.0
546 0.0
547 0.0
548 0.0
549 0.0
550 0.0
551 0.0
552 0.0
553 0.0
554 0.0
555 0.0
556 0.0
557 0.0
558 0.0
559 0.0
560 0.0
561 0.0
562 0.0
563 0.0
564 0.0
565 0.0
566 0.0
567 1.0
568 1.0
569 0.0
570 0.0
571 0.0
572 0.0
573 0.0
574 0.0
575 0.0
576 0.0
577 0.0
578 0.0
579 0.0
580 0.0
581 0.0
582 0.0
583 0.0
584 0.0
585 0.0
586 0.0
587 0.0
588 0.0
589 0.0
590 0.0
591 0.0
592 0.0
593 0.0
594 0.0
595 0.0
596 0.0
597 0.0
598 0.0
599 0.0
600 0.0
601 0.0
602 0.0
603 0.0
604 0.0
605 0.0
606 0.0
607 0.0
608 0.0
609 0.0
610 0.0
611 0.0
612 0.0
613 0.0
614 2.0
615 0.0
616 0.0
617 0.0
618 0.0
619 0.0
620 0.0
621 0.0
622 0.0
623 0.0
624 0.0
625 1.0
626 0.0
627 0.0
628 0.0
629 0.0
630 0.0
631 0.0
632 0.0
633 0.0
634 0.0
635 0.0
636 0.0
637 0.0
638 0.0
639 0.0
640 0.0
641 0.0
642 0.0
643 0.0
644 0.0
645 0.0
646 0.0
647 0.0
648 0.0
649 0.0
650 0.0
651 0.0
652 0.0
653 0.0
654 0.0
655 0.0
656 0.0
657 0.0
658 0.0
659 0.0
660 0.0
661 0.0
662 0.0
663 0.0
664 1.0
665 0.0
666 0.0
667 0.0
668 0.0
669 0.0
670 0.0
671 0.0
672 0.0
673 0.0
674 0.0
675 0.0
676 0.0
677 0.0
678 0.0
679 0.0
680 0.0
681 0.0
682 0.0
683 0.0
684 0.0
685 0.0
686 0.0
687 0.0
688 0.0
689 0.0
690 0.0
691 0.0
692 0.0
693 0.0
694 0.0
695 0.0
696 0.0
697 0.0
698 0.0
699 0.0
700 0.0
701 0.0
702 0.0
703 1.0
704 0.0
705 0.0
706 0.0
707 0.0
708 0.0
709 0.0
710 0.0
711 0.0
712 3.0
713 0.0
714 0.0
715 1.0
716 0.0
717 0.0
718 0.0
719 0.0
720 0.0
721 0.0
722 2.0
723 0.0
724 0.0
725 0.0
726 0.0
727 0.0
728 1.0
729 0.0
730 0.0
731 1.0
732 0.0
733 0.0
734 0.0
735 0.0
736 0.0
737 0.0
738 0.0
739 0.0
740 0.0
741 0.0
742 0.0
743 0.0
744 0.0
745 0.0
746 0.0
747 0.0
748 0.0
749 0.0
750 0.0
751 1.0
752 0.0
753 0.0
754 0.0
755 0.0
756 2.0
757 0.0
758 1.0
759 0.0
760 0.0
761 0.0
762 0.0
763 1.0
764 0.0
765 1.0
766 0.0
767 0.0
768 0.0
769 0.0
770 0.0
771 0.0
772 0.0
773 0.0
774 0.0
775 0.0
776 0.0
777 2.0
778 1.0
779 1.0
780 0.0
781 0.0
782 0.0
783 0.0
784 0.0
785 2.0
786 2.0
787 0.0
788 0.0
789 0.0
790 0.0
791 0.0
792 0.0
793 0.0
794 0.0
795 0.0
796 0.0
797 0.0
798 2.0
799 1.0
800 0.0
801 0.0
802 0.0
803 1.0
804 0.0
805 0.0
806 0.0
807 0.0
808 0.0
809 0.0
810 0.0
811 0.0
812 0.0
813 0.0
814 0.0
815 0.0
816 0.0
817 0.0
818 0.0
819 0.0
820 0.0
821 0.0
822 0.0
823 0.0
824 0.0
825 0.0
826 0.0
827 0.0
828 0.0
829 0.0
830 0.0
831 0.0
832 0.0
833 0.0
834 0.0
835 2.0
836 0.0
837 0.0
838 0.0
839 0.0
840 0.0
841 0.0
842 0.0
843 0.0
844 0.0
845 1.0
846 2.0
847 0.0
848 0.0
849 0.0
850 0.0
851 0.0
852 0.0
853 1.0
854 0.0
855 1.0
856 1.0
857 0.0
858 0.0
859 0.0
860 0.0
861 0.0
862 0.0
863 1.0
864 0.0
865 0.0
866 0.0
867 0.0
868 0.0
869 1.0
870 0.0
871 0.0
872 0.0
873 0.0
874 2.0
875 0.0
876 0.0
877 0.0
878 1.0
879 0.0
880 0.0
881 0.0
882 0.0
883 0.0
884 0.0
885 0.0
886 1.0
887 0.0
888 0.0
889 0.0
890 0.0
891 0.0
892 1.0
893 0.0
894 0.0
895 0.0
896 0.0
897 0.0
898 2.0
899 8.0
900 0.0
901 0.0
902 0.0
903 0.0
904 1.0
905 2.0
906 0.0
907 0.0
908 0.0
909 0.0
910 0.0
911 0.0
912 1.0
913 0.0
914 0.0
915 0.0
916 0.0
917 1.0
918 0.0
919 1.0
920 0.0
921 0.0
922 2.0
923 0.0
924 3.0
925 0.0
926 2.0
927 0.0
928 0.0
929 0.0
930 1.0
931 2.0
932 4.0
933 2.0
934 1.0
935 0.0
936 2.0
937 2.0
938 0.0
939 1.0
940 0.0
941 0.0
942 0.0
943 0.0
944 0.0
945 0.0
946 2.0
947 0.0
948 1.0
949 1.0
950 1.0
951 1.0
952 0.0
953 0.0
954 2.0
955 4.0
956 2.0
957 1.0
958 1.0
959 0.0
960 3.0
961 1.0
962 0.0
963 0.0
964 1.0
965 1.0
966 1.0
967 0.0
968 3.0
969 0.0
970 0.0
971 0.0
972 1.0
973 1.0
974 1.0
975 4.0
976 0.0
977 0.0
978 0.0
979 1.0
980 1.0
981 1.0
982 0.0
983 0.0
984 0.0
985 0.0
986 1.0
987 0.0
988 0.0
989 0.0
990 1.0
991 0.0
992 1.0
993 0.0
994 0.0
995 0.0
996 1.0
997 0.0
998 0.0
999 1.0
1000 0.0
1001 0.0
1002 0.0
1003 1.0
1004 0.0
1005 2.0
1006 0.0
1007 1.0
1008 1.0
1009 0.0
1010 0.0
1011 0.0
1012 0.0
1013 0.0
1014 0.0
1015 0.0
1016 0.0
1017 0.0
1018 0.0
1019 2.0
1020 0.0
1021 3.0
1022 0.0
1023 0.0
1024 0.0
1025 0.0
1026 1.0
1027 1.0
1028 0.0
1029 0.0
1030 0.0
1031 0.0
1032 0.0
1033 3.0
1034 1.0
1035 1.0
1036 0.0
1037 1.0
1038 0.0
1039 1.0
1040 0.0
1041 2.0
1042 2.0
1043 2.0
1044 3.0
1045 43.0
1046 2.0
1047 3.0
1048 2.0
1049 0.0
1050 0.0
1051 1.0
1052 1.0
1053 0.0
1054 1.0
1055 0.0
1056 0.0
1057 0.0
1058 2.0
1059 0.0
1060 0.0
1061 0.0
1062 0.0
1063 0.0
1064 0.0
1065 1.0
1066 1.0
1067 0.0
1068 1.0
1069 13.0
1070 1.0
1071 2.0
1072 1.0
1073 0.0
1074 0.0
1075 0.0
1076 5.0
1077 12.0
1078 0.0
1079 0.0
1080 1.0
1081 0.0
1082 2.0
1083 1.0
1084 0.0
1085 1.0
1086 1.0
1087 7.0
1088 3.0
1089 4.0
1090 0.0
1091 17.0
1092 1.0
1093 0.0
1094 2.0
1095 14.0
1096 2.0
1097 2.0
1098 0.0
1099 6.0
1100 1.0
1101 1.0
1102 2.0
1103 2.0
1104 2.0
1105 2.0
1106 1.0
1107 1.0
1108 2.0
1109 1.0
1110 5.0
1111 0.0
1112 2.0
1113 3.0
1114 1.0
1115 0.0
1116 0.0
1117 0.0
1118 1.0
1119 3.0
1120 4.0
1121 0.0
1122 1.0
1123 15.0
1124 0.0
1125 1.0
1126 3.0
1127 5.0
1128 4.0
1129 4.0
1130 3.0
1131 1.0
1132 0.0
1133 2.0
1134 5.0
1135 1.0
1136 1.0
1137 2.0
1138 0.0
1139 0.0
1140 8.0
1141 12.0
1142 0.0
1143 0.0
1144 1.0
1145 2.0
1146 0.0
1147 3.0
1148 9.0
1149 6.0
1150 1.0
1151 0.0
1152 0.0
1153 2.0
1154 1.0
1155 2.0
1156 7.0
1157 6.0
1158 0.0
1159 2.0
1160 5.0
1161 1.0
1162 2.0
1163 0.0
1164 5.0
1165 5.0
1166 5.0
1167 1.0
1168 7.0
1169 1.0
1170 2.0
1171 1.0
1172 2.0
1173 2.0
1174 1.0
1175 0.0
1176 3.0
1177 1.0
1178 1.0
1179 1.0
1180 2.0
1181 0.0
1182 0.0
1183 0.0
1184 0.0
1185 1.0
1186 0.0
1187 1.0
1188 1.0
1189 12.0
1190 0.0
1191 2.0
1192 4.0
1193 0.0
1194 4.0
1195 3.0
1196 1.0
1197 1.0
1198 0.0
1199 2.0
1200 1.0
1201 0.0
1202 2.0
1203 2.0
1204 3.0
1205 1.0
1206 0.0
1207 0.0
1208 3.0
1209 0.0
1210 2.0
1211 6.0
1212 3.0
1213 1.0
1214 1.0
1215 2.0
1216 1.0
1217 0.0
1218 9.0
1219 1.0
1220 3.0
1221 0.0
1222 0.0
1223 0.0
1224 6.0
1225 4.0
1226 1.0
1227 1.0
1228 2.0
1229 1.0
1230 0.0
1231 6.0
1232 5.0
1233 2.0
1234 6.0
1235 0.0
1236 5.0
1237 1.0
1238 7.0
1239 6.0
1240 3.0
1241 1.0
1242 1.0
1243 0.0
1244 1.0
1245 1.0
1246 0.0
1247 0.0
1248 1.0
1249 3.0
1250 3.0
1251 4.0
1252 1.0
1253 8.0
1254 0.0
1255 7.0
1256 1.0
1257 5.0
1258 7.0
1259 3.0
1260 1.0
1261 1.0
1262 1.0
1263 0.0
1264 0.0
1265 1.0
1266 3.0
1267 3.0
1268 2.0
1269 3.0
1270 0.0
1271 1.0
1272 2.0
1273 2.0
1274 2.0
1275 2.0
1276 2.0
1277 2.0
1278 7.0
1279 4.0
1280 5.0
1281 1.0
1282 0.0
1283 2.0
1284 0.0
1285 0.0
1286 0.0
1287 1.0
1288 4.0
1289 0.0
1290 1.0
1291 1.0
1292 4.0
1293 1.0
1294 2.0
1295 7.0
1296 6.0
1297 2.0
1298 2.0
1299 5.0
1300 4.0
1301 2.0
1302 3.0
1303 3.0
1304 4.0
1305 1.0
1306 0.0
1307 2.0
1308 1.0
1309 3.0
1310 5.0
1311 3.0
1312 4.0
1313 5.0
1314 5.0
1315 3.0
1316 2.0
1317 0.0
1318 1.0
1319 1.0
1320 0.0
1321 0.0
1322 2.0
1323 5.0
1324 2.0
1325 0.0
1326 1.0
1327 0.0
1328 2.0
1329 3.0
1330 5.0
1331 3.0
1332 0.0
1333 0.0
1334 1.0
1335 0.0
1336 3.0
1337 1.0
1338 1.0
1339 3.0
1340 2.0
1341 3.0
1342 3.0
1343 3.0
1344 3.0
1345 2.0
1346 0.0
1347 5.0
1348 1.0
1349 0.0
1350 4.0
1351 3.0
1352 1.0
1353 2.0
1354 0.0
1355 7.0
1356 1.0
1357 2.0
1358 5.0
1359 3.0
1360 3.0
1361 2.0
1362 0.0
1363 2.0
1364 2.0
1365 7.0
1366 0.0
1367 3.0
1368 2.0
1369 0.0
1370 5.0
1371 1.0
1372 4.0
1373 1.0
1374 6.0
1375 3.0
1376 0.0
1377 4.0
1378 2.0
1379 4.0
1380 1.0
1381 1.0
1382 1.0
1383 3.0
1384 1.0
1385 0.0
1386 8.0
1387 0.0
1388 4.0
1389 1.0
1390 11.0
1391 3.0
1392 4.0
1393 7.0
1394 4.0
1395 0.0
1396 0.0
1397 1.0
1398 8.0
1399 3.0
1400 1.0
1401 2.0
1402 3.0
1403 2.0
1404 3.0
1405 3.0
1406 0.0
1407 1.0
1408 0.0
1409 0.0
1410 3.0
1411 1.0
1412 7.0
1413 8.0
1414 5.0
1415 1.0
1416 0.0
1417 1.0
1418 1.0
1419 5.0
1420 1.0
1421 10.0
1422 0.0
1423 1.0
1424 1.0
1425 3.0
1426 1.0
1427 2.0
1428 6.0
1429 3.0
1430 3.0
1431 2.0
1432 6.0
1433 2.0
1434 11.0
1435 18.0
1436 8.0
1437 2.0
1438 7.0
1439 3.0
1440 6.0
1441 6.0
1442 4.0
1443 1.0
1444 1.0
1445 8.0
1446 6.0
1447 4.0
1448 23.0
1449 3.0
1450 9.0
1451 5.0
1452 5.0
1453 12.0
1454 8.0
1455 5.0
1456 7.0
1457 5.0
1458 1.0
1459 3.0
1460 2.0
1461 0.0
1462 0.0
1463 10.0
1464 4.0
1465 1.0
1466 4.0
1467 3.0
1468 2.0
1469 2.0
1470 3.0
1471 2.0
1472 4.0
1473 1.0
1474 2.0
1475 0.0
1476 8.0
1477 9.0
1478 5.0
1479 4.0
1480 1.0
1481 1.0
1482 0.0
1483 6.0
1484 6.0
1485 25.0
1486 0.0
1487 2.0
1488 3.0
1489 4.0
1490 6.0
1491 8.0
1492 0.0
1493 1.0
1494 3.0
1495 2.0
1496 4.0
1497 7.0
1498 3.0
1499 13.0
1500 6.0
1501 4.0
1502 2.0
1503 4.0
1504 4.0
1505 0.0
1506 4.0
1507 1.0
1508 1.0
1509 6.0
1510 4.0
1511 8.0
1512 6.0
1513 5.0
1514 5.0
1515 2.0
1516 1.0
1517 2.0
1518 5.0
1519 4.0
1520 11.0
1521 2.0
1522 2.0
1523 6.0
1524 7.0
1525 2.0
1526 6.0
1527 4.0
1528 7.0
1529 9.0
1530 5.0
1531 4.0
1532 3.0
1533 1.0
1534 4.0
1535 8.0
1536 5.0
1537 2.0
1538 16.0
1539 1.0
1540 7.0
1541 2.0
1542 4.0
1543 5.0
1544 0.0
1545 5.0
1546 8.0
1547 1.0
1548 6.0
1549 1.0
1550 1.0
1551 1.0
1552 4.0
1553 2.0
1554 2.0
1555 4.0
1556 2.0
1557 1.0
1558 4.0
1559 3.0
1560 2.0
1561 8.0
1562 2.0
1563 0.0
1564 6.0
1565 2.0
1566 1.0
1567 1.0
1568 1.0
1569 1.0
1570 1.0
1571 1.0
1572 0.0
1573 3.0
1574 6.0
1575 1.0
1576 1.0
1577 2.0
1578 2.0
1579 2.0
1580 3.0
1581 0.0
1582 1.0
1583 5.0
1584 3.0
1585 2.0
1586 1.0
1587 1.0
1588 7.0
1589 3.0
1590 2.0
1591 0.0
1592 6.0
1593 1.0
1594 1.0
1595 4.0
1596 5.0
1597 4.0
1598 4.0
1599 3.0
1600 1.0
1601 2.0
1602 11.0
1603 9.0
1604 3.0
1605 3.0
1606 2.0
1607 2.0
1608 4.0
1609 3.0
1610 5.0
1611 7.0
1612 2.0
1613 6.0
1614 1.0
1615 1.0
1616 10.0
1617 1.0
1618 8.0
1619 7.0
1620 0.0
1621 3.0
1622 4.0
1623 11.0
1624 7.0
1625 1.0
1626 10.0
1627 3.0
1628 3.0
1629 2.0
1630 0.0
1631 3.0
1632 6.0
1633 1.0
1634 0.0
1635 1.0
1636 6.0
1637 4.0
1638 2.0
1639 5.0
1640 1.0
1641 3.0
1642 4.0
1643 2.0
1644 2.0
1645 7.0
1646 2.0
1647 5.0
1648 3.0
1649 2.0
1650 1.0
1651 3.0
1652 6.0
1653 3.0
1654 4.0
1655 5.0
1656 1.0
1657 5.0
1658 4.0
1659 1.0
1660 11.0
1661 3.0
1662 5.0
1663 6.0
1664 4.0
1665 0.0
1666 7.0
1667 1.0
1668 3.0
1669 3.0
1670 9.0
1671 6.0
1672 7.0
1673 5.0
1674 2.0
1675 3.0
1676 2.0
1677 4.0
1678 1.0
1679 3.0
1680 5.0
1681 4.0
1682 1.0
1683 2.0
1684 1.0
1685 0.0
1686 0.0
1687 4.0
1688 5.0
1689 1.0
1690 3.0
1691 1.0
1692 1.0
1693 3.0
1694 4.0
1695 2.0
1696 2.0
1697 1.0
1698 6.0
1699 9.0
1700 9.0
1701 5.0
1702 6.0
1703 4.0
1704 3.0
1705 3.0
1706 2.0
1707 7.0
1708 14.0
1709 7.0
1710 2.0
1711 3.0
1712 2.0
1713 9.0
1714 2.0
1715 7.0
1716 7.0
1717 2.0
1718 1.0
1719 3.0
1720 2.0
1721 1.0
1722 2.0
1723 0.0
1724 3.0
1725 5.0
1726 1.0
1727 5.0
1728 4.0
1729 5.0
1730 2.0
1731 5.0
1732 1.0
1733 1.0
1734 5.0
1735 2.0
1736 6.0
1737 2.0
1738 1.0
1739 3.0
1740 6.0
1741 8.0
1742 9.0
1743 8.0
1744 2.0
1745 6.0
1746 1.0
1747 2.0
1748 2.0
1749 3.0
1750 23.0
1751 6.0
1752 1.0
1753 9.0
1754 2.0
1755 8.0
1756 4.0
1757 4.0
1758 1.0
1759 1.0
1760 1.0
1761 2.0
1762 2.0
1763 5.0
1764 3.0
1765 3.0
1766 1.0
1767 5.0
1768 1.0
1769 4.0
1770 6.0
1771 3.0
1772 7.0
1773 12.0
1774 0.0
1775 2.0
1776 3.0
1777 1.0
1778 1.0
1779 10.0
1780 8.0
1781 3.0
1782 5.0
1783 1.0
1784 3.0
1785 0.0
1786 5.0
1787 1.0
1788 0.0
1789 1.0
1790 2.0
1791 4.0
1792 8.0
1793 4.0
1794 3.0
1795 2.0
1796 10.0
1797 1.0
1798 6.0
1799 2.0
1800 6.0
1801 7.0
1802 2.0
1803 13.0
1804 13.0
1805 13.0
1806 6.0
1807 3.0
1808 8.0
1809 8.0
1810 1.0
1811 5.0
1812 6.0
1813 5.0
1814 10.0
1815 0.0
1816 6.0
1817 12.0
1818 5.0
1819 19.0
1820 6.0
1821 5.0
1822 8.0
1823 2.0
1824 8.0
1825 9.0
1826 5.0
1827 4.0
1828 4.0
1829 5.0
1830 7.0
1831 2.0
1832 6.0
1833 8.0
1834 3.0
1835 10.0
1836 2.0
1837 5.0
1838 14.0
1839 16.0
1840 16.0
1841 9.0
1842 16.0
1843 2.0
1844 8.0
1845 5.0
1846 10.0
1847 17.0
1848 9.0
1849 7.0
1850 5.0
1851 9.0
1852 3.0
1853 13.0
1854 12.0
1855 6.0
1856 10.0
1857 9.0
1858 5.0
1859 6.0
1860 20.0
1861 23.0
1862 6.0
1863 9.0
1864 11.0
1865 8.0
1866 3.0
1867 10.0
1868 3.0
1869 12.0
1870 4.0
1871 0.0
1872 3.0
1873 2.0
1874 12.0
1875 12.0
1876 25.0
1877 12.0
1878 5.0
1879 10.0
1880 5.0
1881 14.0
1882 10.0
1883 9.0
1884 6.0
1885 20.0
1886 3.0
1887 1.0
1888 3.0
1889 6.0
1890 6.0
1891 11.0
1892 5.0
1893 4.0
1894 10.0
1895 9.0
1896 5.0
1897 2.0
1898 6.0
1899 2.0
1900 6.0
1901 2.0
1902 6.0
1903 11.0
1904 4.0
1905 22.0
1906 5.0
1907 1.0
1908 4.0
1909 11.0
1910 8.0
1911 4.0
1912 8.0
1913 4.0
1914 3.0
1915 7.0
1916 11.0
1917 6.0
1918 8.0
1919 3.0
1920 10.0
1921 5.0
1922 1.0
1923 2.0
1924 12.0
1925 6.0
1926 5.0
1927 3.0
1928 6.0
1929 1.0
1930 15.0
1931 6.0
1932 10.0
1933 9.0
1934 1.0
1935 2.0
1936 4.0
1937 4.0
1938 1.0
1939 2.0
1940 5.0
1941 4.0
1942 2.0
1943 1.0
1944 2.0
1945 3.0
1946 6.0
1947 9.0
1948 4.0
1949 2.0
1950 0.0
1951 9.0
1952 0.0
1953 2.0
1954 2.0
1955 3.0
1956 1.0
1957 5.0
1958 8.0
1959 7.0
1960 4.0
1961 2.0
1962 5.0
1963 5.0
1964 3.0
1965 3.0
1966 5.0
1967 5.0
1968 8.0
1969 5.0
1970 4.0
1971 2.0
1972 5.0
1973 6.0
1974 4.0
1975 4.0
1976 2.0
1977 2.0
1978 2.0
1979 3.0
1980 1.0
1981 6.0
1982 11.0
1983 5.0
1984 4.0
1985 8.0
1986 9.0
1987 6.0
1988 4.0
1989 14.0
1990 3.0
1991 2.0
1992 2.0
1993 5.0
1994 8.0
1995 5.0
1996 9.0
1997 12.0
1998 8.0
1999 2.0
2000 9.0
2001 5.0
2002 11.0
2003 11.0
2004 8.0
2005 7.0
2006 5.0
2007 17.0
2008 12.0
2009 2.0
2010 7.0
2011 6.0
2012 14.0
2013 4.0
2014 4.0
2015 14.0
2016 8.0
2017 19.0
2018 6.0
2019 6.0
2020 7.0
2021 11.0
2022 11.0
2023 7.0
2024 10.0
2025 5.0
2026 8.0
2027 7.0
2028 13.0
2029 13.0
2030 10.0
2031 6.0
2032 7.0
2033 19.0
2034 4.0
2035 6.0
2036 4.0
2037 6.0
2038 8.0
2039 3.0
2040 5.0
2041 13.0
2042 9.0
2043 3.0
2044 10.0
2045 15.0
2046 9.0
2047 7.0
2048 7.0
2049 5.0
2050 3.0
2051 5.0
2052 2.0
2053 9.0
2054 3.0
2055 4.0
2056 10.0
2057 10.0
2058 7.0
2059 4.0
2060 2.0
2061 3.0
2062 5.0
2063 9.0
2064 8.0
2065 5.0
2066 11.0
2067 6.0
2068 3.0
2069 5.0
2070 5.0
2071 8.0
2072 2.0
2073 8.0
2074 5.0
2075 1.0
2076 4.0
2077 13.0
2078 9.0
2079 6.0
2080 8.0
2081 13.0
2082 1.0
2083 1.0
2084 5.0
2085 2.0
2086 7.0
2087 11.0
2088 5.0
2089 7.0
2090 4.0
2091 2.0
2092 6.0
2093 7.0
2094 8.0
2095 6.0
2096 6.0
2097 3.0
2098 5.0
2099 10.0
2100 4.0
2101 4.0
2102 2.0
2103 11.0
2104 2.0
2105 6.0
2106 8.0
2107 5.0
2108 3.0
2109 8.0
2110 5.0
2111 9.0
2112 8.0
2113 14.0
2114 10.0
2115 11.0
2116 3.0
2117 6.0
2118 7.0
2119 9.0
2120 10.0
2121 3.0
2122 4.0
2123 1.0
2124 1.0
2125 6.0
2126 7.0
2127 5.0
2128 10.0
2129 12.0
2130 4.0
2131 3.0
2132 4.0
2133 4.0
2134 3.0
2135 2.0
2136 1.0
2137 1.0
2138 3.0
2139 2.0
2140 8.0
2141 13.0
2142 3.0
2143 3.0
2144 3.0
2145 1.0
2146 2.0
2147 8.0
2148 15.0
2149 4.0
2150 3.0
2151 7.0
2152 4.0
2153 1.0
2154 11.0
2155 3.0
2156 9.0
2157 11.0
2158 10.0
2159 4.0
2160 12.0
2161 6.0
2162 17.0
2163 9.0
2164 10.0
2165 5.0
2166 8.0
2167 9.0
2168 11.0
2169 15.0
2170 5.0
2171 8.0
2172 12.0
2173 3.0
2174 6.0
2175 8.0
2176 11.0
2177 13.0
2178 12.0
2179 6.0
2180 6.0
2181 16.0
2182 11.0
2183 6.0
2184 9.0
2185 13.0
2186 15.0
2187 17.0
2188 18.0
2189 14.0
2190 11.0
2191 12.0
2192 12.0
2193 7.0
2194 4.0
2195 11.0
2196 12.0
2197 7.0
2198 21.0
2199 13.0
2200 3.0
2201 6.0
2202 3.0
2203 25.0
2204 10.0
2205 11.0
2206 7.0
2207 10.0
2208 4.0
2209 15.0
2210 12.0
2211 11.0
2212 17.0
2213 14.0
2214 14.0
2215 8.0
2216 7.0
2217 19.0
2218 15.0
2219 14.0
2220 24.0
2221 21.0
2222 18.0
2223 6.0
2224 27.0
2225 20.0
2226 11.0
2227 20.0
2228 8.0
2229 10.0
2230 4.0
2231 13.0
2232 17.0
2233 26.0
2234 15.0
2235 8.0
2236 14.0
2237 13.0
2238 21.0
2239 24.0
2240 17.0
2241 18.0
2242 11.0
2243 16.0
2244 16.0
2245 22.0
2246 33.0
2247 16.0
2248 23.0
2249 9.0
2250 7.0
2251 10.0
2252 9.0
2253 32.0
2254 28.0
2255 6.0
2256 14.0
2257 8.0
2258 15.0
2259 16.0
2260 13.0
2261 12.0
2262 9.0
2263 5.0
2264 8.0
2265 9.0
2266 16.0
2267 17.0
2268 12.0
2269 11.0
2270 11.0
2271 8.0
2272 6.0
2273 2.0
2274 5.0
2275 10.0
2276 9.0
2277 8.0
2278 7.0
2279 15.0
2280 10.0
2281 26.0
2282 16.0
2283 10.0
2284 15.0
2285 11.0
2286 23.0
2287 5.0
2288 10.0
2289 8.0
2290 14.0
2291 10.0
2292 8.0
2293 5.0
2294 13.0
2295 12.0
2296 10.0
2297 8.0
2298 9.0
2299 10.0
2300 2.0
2301 10.0
2302 17.0
2303 5.0
2304 15.0
2305 13.0
2306 1.0
2307 8.0
2308 5.0
2309 8.0
2310 11.0
2311 17.0
2312 15.0
2313 6.0
2314 5.0
2315 7.0
2316 13.0
2317 17.0
2318 24.0
2319 5.0
2320 9.0
2321 5.0
2322 7.0
2323 10.0
2324 12.0
2325 7.0
2326 9.0
2327 12.0
2328 4.0
2329 16.0
2330 14.0
2331 9.0
2332 10.0
2333 10.0
2334 15.0
2335 18.0
2336 8.0
2337 18.0
2338 3.0
2339 11.0
2340 10.0
2341 11.0
2342 5.0
2343 6.0
2344 5.0
2345 10.0
2346 17.0
2347 10.0
2348 5.0
2349 10.0
2350 7.0
2351 11.0
2352 5.0
2353 28.0
2354 12.0
2355 6.0
2356 9.0
2357 7.0
2358 20.0
2359 14.0
2360 9.0
2361 10.0
2362 11.0
2363 11.0
2364 17.0
2365 12.0
2366 10.0
2367 15.0
2368 9.0
2369 16.0
2370 16.0
2371 8.0
2372 15.0
2373 8.0
2374 14.0
2375 11.0
2376 12.0
2377 8.0
2378 14.0
2379 8.0
2380 6.0
2381 11.0
2382 25.0
2383 6.0
